total_num_traffic	total_num_destinations	load	case	Steiner_tree_multicast(total_Mbps,bulk_Mbps,interactive_Mbps)	single_path_multicast(total_Mbps,bulk_Mbps,interactive_Mbps)	multi_path_multicast(total_Mbps,bulk_Mbps,interactive_Mbps)	coded_multicast(total_Mbps,bulk_Mbps,interactive_Mbps)	Steiner_tree_store-and-forward_memory(total_Mbps,bulk_Mbps,interactive_Mbps)
6	2	0.1	0	744.232	487.405	256.827	747.498	488.969	258.528	947.281	693.667	253.613	1164.901	912.087	252.813	743.707	488.707	255.000
6	2	0.1	1	719.090	460.570	258.520	612.127	355.394	256.733	695.281	448.375	246.907	950.158	698.905	251.253	680.400	421.880	258.520
6	2	0.1	2	682.806	425.912	256.893	604.334	345.854	258.480	733.968	482.182	251.787	1054.046	800.406	253.640	681.346	425.146	256.200
6	2	0.1	3	617.606	362.700	254.907	611.106	355.946	255.160	736.405	485.272	251.133	841.420	603.206	238.213	647.162	388.642	258.520
6	2	0.1	4	819.527	562.647	256.880	772.049	518.435	253.613	939.776	691.163	248.613	1038.266	793.480	244.787	767.927	509.407	258.520
6	3	0.1	0	711.277	460.708	250.569	564.097	321.817	242.280	698.044	449.511	248.533	948.731	700.224	248.507	726.125	475.485	250.640
6	3	0.1	1	562.984	304.451	258.533	511.238	256.065	255.173	557.554	312.034	245.520	783.903	545.503	238.400	593.071	334.564	258.507
6	3	0.1	2	644.357	388.117	256.240	601.506	343.053	258.453	655.421	401.754	253.667	946.188	694.882	251.306	660.712	402.192	258.520
6	3	0.1	3	627.985	371.291	256.693	459.818	206.045	253.773	591.353	344.579	246.773	785.381	530.221	255.160	641.418	382.965	258.453
6	3	0.1	4	695.105	441.865	253.240	575.708	323.921	251.787	636.450	391.970	244.480	869.375	630.109	239.266	690.873	432.393	258.480
6	4	0.1	0	561.686	306.276	255.411	473.867	225.413	248.453	552.045	304.163	247.882	747.242	512.887	234.355	577.845	321.178	256.667
6	4	0.1	1	554.572	296.052	258.520	445.130	195.664	249.467	453.397	212.463	240.933	689.024	433.878	255.147	597.170	338.703	258.467
6	4	0.1	2	450.990	194.150	256.840	465.364	213.538	251.827	494.610	247.530	247.080	758.868	510.534	248.333	585.767	327.381	258.387
6	4	0.1	3	540.417	283.510	256.907	428.199	171.319	256.880	555.056	316.682	238.373	609.229	358.602	250.627	568.682	310.295	258.387
6	4	0.1	4	547.139	300.032	247.107	395.709	142.095	253.613	513.969	274.129	239.840	792.792	541.712	251.080	556.024	297.544	258.480
6	5	0.1	0	556.515	299.595	256.920	479.237	225.450	253.787	516.583	264.863	251.720	719.617	478.471	241.147	575.335	316.882	258.453
6	5	0.1	1	559.920	302.953	256.967	421.237	169.103	252.133	383.016	134.416	248.600	638.105	404.091	234.013	602.657	344.152	258.505
6	5	0.1	2	539.346	282.653	256.693	525.254	271.588	253.667	487.930	250.930	237.000	768.278	529.932	238.345	598.406	343.315	255.091
6	5	0.1	3	516.737	261.646	255.091	392.994	144.794	248.200	498.047	251.487	246.560	681.562	433.015	248.547	556.762	298.242	258.520
6	5	0.1	4	483.885	228.672	255.212	372.505	125.934	246.572	412.307	165.760	246.547	668.368	416.968	251.400	502.297	243.777	258.520
6	6	0.1	0	570.402	325.215	245.187	409.495	159.335	250.160	457.387	214.561	242.827	690.191	446.095	244.096	571.427	312.907	258.520
6	6	0.1	1	652.254	393.747	258.507	374.666	126.480	248.187	330.549	90.736	239.813	621.532	368.166	253.366	654.909	401.376	253.533
6	6	0.1	2	572.440	313.960	258.480	484.744	232.424	252.320	458.713	221.715	236.998	733.812	493.639	240.173	606.575	348.046	258.529
6	6	0.1	3	449.960	193.226	256.733	380.105	131.571	248.533	419.496	171.803	247.693	604.096	348.802	255.293	496.897	240.657	256.240
6	6	0.1	4	500.525	245.058	255.467	359.169	114.519	244.650	376.152	136.339	239.813	652.054	398.641	253.413	539.536	282.737	256.800
6	7	0.1	0	508.143	254.863	253.280	391.970	143.357	248.613	443.643	203.176	240.467	691.881	438.308	253.573	543.186	284.663	258.522
6	7	0.1	1	610.306	351.786	258.520	349.646	104.232	245.413	332.938	91.845	241.093	619.258	364.704	254.554	629.703	371.236	258.467
6	7	0.1	2	562.196	306.828	255.368	426.532	178.505	248.027	441.871	195.164	246.707	698.578	456.878	241.701	628.407	369.993	258.413
6	7	0.1	3	488.037	234.451	253.587	366.081	123.041	243.040	425.385	180.025	245.360	594.477	340.810	253.667	523.850	265.330	258.520
6	7	0.1	4	490.139	234.898	255.241	307.954	61.701	246.253	393.190	138.243	254.947	598.599	343.306	255.293	500.637	242.117	258.520
6	8	0.1	0	535.834	280.625	255.209	350.428	106.055	244.373	388.570	147.829	240.741	623.308	364.802	258.507	537.486	278.966	258.520
6	8	0.1	1	567.657	312.483	255.173	354.926	113.073	241.853	329.896	92.016	237.880	618.808	365.941	252.867	599.731	341.345	258.387
6	8	0.1	2	570.262	311.729	258.533	411.519	164.719	246.800	387.858	146.298	241.560	582.354	347.578	234.777	610.277	353.584	256.693
6	8	0.1	3	446.459	194.019	252.440	326.174	80.774	245.400	399.557	152.797	246.760	581.099	342.659	238.440	498.597	240.077	258.520
6	8	0.1	4	480.934	225.720	255.213	287.168	52.128	235.040	366.106	117.454	248.652	605.958	349.011	256.947	514.288	255.768	258.520
6	9	0.1	0	525.483	270.350	255.133	337.524	94.191	243.333	386.086	132.272	253.814	615.750	362.597	253.153	569.381	310.864	258.517
6	9	0.1	1	539.610	282.690	256.920	287.473	47.633	239.840	349.541	101.234	248.307	563.288	319.835	243.453	558.904	300.438	258.467
6	9	0.1	2	464.522	206.028	258.493	335.175	88.028	247.147	412.479	162.319	250.160	572.413	335.946	236.467	622.059	365.357	256.702
6	9	0.1	3	443.326	192.899	250.427	330.785	83.731	247.053	374.978	126.205	248.773	471.888	223.315	248.573	492.435	237.635	254.800
6	9	0.1	4	425.825	173.745	252.080	308.023	56.957	251.067	324.577	74.231	250.347	590.131	338.331	251.800	473.732	215.212	258.520
6	10	0.1	0	510.028	256.860	253.168	348.077	94.757	253.320	385.767	134.487	251.280	597.674	345.994	251.680	559.406	300.886	258.520
6	10	0.1	1	496.033	240.713	255.320	291.927	52.274	239.653	341.355	84.688	256.667	494.691	246.544	248.147	561.106	302.653	258.453
6	10	0.1	2	506.556	248.023	258.533	342.433	100.539	241.893	382.515	136.182	246.333	485.527	250.767	234.760	567.373	310.562	256.811
6	10	0.1	3	445.994	192.474	253.520	332.622	79.022	253.600	347.468	109.551	237.917	475.571	227.358	248.213	495.806	237.286	258.520
6	10	0.1	4	426.496	176.069	250.427	326.640	75.680	250.960	340.771	94.171	246.600	543.445	291.192	252.253	480.542	222.116	258.427
6	11	0.1	0	473.692	223.360	250.332	352.112	108.739	243.373	347.739	99.379	248.360	550.443	300.897	249.547	515.275	259.955	255.320
6	11	0.1	1	468.716	211.769	256.947	290.522	49.389	241.133	319.465	75.545	243.920	485.945	232.945	253.000	539.621	285.927	253.693
6	11	0.1	2	512.358	253.825	258.533	294.994	59.048	235.947	314.028	66.095	247.933	456.353	223.593	232.760	581.745	323.252	258.493
6	11	0.1	3	445.729	195.146	250.583	321.957	73.664	248.293	304.607	66.874	237.733	455.557	207.304	248.253	500.353	243.726	256.627
6	11	0.1	4	421.203	173.790	247.413	308.977	67.564	241.413	354.118	100.492	253.627	490.795	237.421	253.373	484.602	226.085	258.517
6	12	0.1	0	470.602	215.388	255.213	317.079	75.465	241.613	332.886	81.246	251.640	459.484	202.616	256.868	498.670	240.244	258.427
6	12	0.1	1	450.293	193.573	256.720	288.847	48.407	240.440	343.875	95.342	248.533	436.593	183.927	252.667	533.141	277.048	256.093
6	12	0.1	2	484.851	226.371	258.480	341.604	104.644	236.960	350.052	116.052	234.000	443.029	197.669	245.360	556.605	298.075	258.530
6	12	0.1	3	439.322	191.548	247.773	323.679	73.839	249.840	328.626	80.399	248.227	440.314	188.781	251.533	501.158	242.638	258.520
6	12	0.1	4	421.578	175.791	245.787	317.658	68.392	249.267	311.596	61.116	250.480	458.690	203.716	254.973	469.473	212.833	256.640
