total_num_traffic	total_num_destinations	load	case	Steiner_tree_multicast(total_Mbps,bulk_Mbps,interactive_Mbps)	single_path_multicast(total_Mbps,bulk_Mbps,interactive_Mbps)	multi_path_multicast(total_Mbps,bulk_Mbps,interactive_Mbps)	coded_multicast(total_Mbps,bulk_Mbps,interactive_Mbps)	Steiner_tree_store-and-forward_memory(total_Mbps,bulk_Mbps,interactive_Mbps)
1	3	0.1	0	411.313	154.433	256.880	307.075	55.488	251.587	361.372	104.532	256.840	546.499	289.686	256.813	400.819	142.299	258.520
1	3	0.1	1	326.725	68.219	258.507	308.892	55.492	253.400	361.338	104.738	256.600	441.341	196.395	244.947	340.476	85.436	255.040
1	3	0.1	2	317.656	59.176	258.480	320.797	68.637	252.160	380.075	121.555	258.520	461.167	205.919	255.248	324.398	66.011	258.387
1	3	0.1	3	326.340	67.873	258.467	317.337	65.377	251.960	378.737	120.217	258.520	458.677	215.010	243.667	324.382	65.862	258.520
1	3	0.1	4	398.841	140.361	258.480	315.357	58.331	257.027	378.452	119.932	258.520	546.365	299.618	246.747	392.191	133.671	258.520
2	3	0.1	0	426.878	173.571	253.307	431.057	172.524	258.533	377.530	125.720	251.810	562.954	313.034	249.920	424.090	170.664	253.427
2	3	0.1	1	430.479	176.866	253.613	403.244	144.710	258.533	430.327	177.047	253.280	487.438	239.092	248.347	423.670	168.497	255.173
2	3	0.1	2	430.436	174.183	256.253	389.722	131.242	258.480	504.224	247.384	256.840	624.792	366.392	258.400	439.123	180.590	258.533
2	3	0.1	3	452.541	210.928	241.613	401.380	144.633	256.747	524.789	267.722	257.067	646.999	389.919	257.080	463.922	207.162	256.760
2	3	0.1	4	421.694	164.788	256.907	307.019	48.506	258.513	360.825	107.225	253.600	542.827	287.667	255.160	426.656	168.150	258.507
3	3	0.1	0	498.931	240.517	258.413	496.750	239.777	256.973	583.021	332.901	250.120	659.657	409.964	249.693	516.156	257.617	258.539
3	3	0.1	1	620.746	362.159	258.587	410.038	154.993	255.045	630.849	377.409	253.440	788.210	538.130	250.080	598.611	340.158	258.453
3	3	0.1	2	532.871	277.587	255.284	422.290	163.750	258.540	507.229	253.791	253.438	608.230	353.110	255.120	518.900	260.447	258.453
3	3	0.1	3	463.313	210.339	252.973	461.634	205.100	256.533	586.667	328.134	258.533	723.438	474.132	249.307	469.272	210.858	258.413
3	3	0.1	4	569.750	313.510	256.240	471.144	214.491	256.653	508.345	253.158	255.187	659.737	408.350	251.387	577.373	320.373	257.000
4	3	0.1	0	499.322	242.596	256.726	477.121	222.067	255.053	540.569	287.177	253.392	737.026	498.338	238.688	511.519	255.275	256.244
4	3	0.1	1	537.275	280.328	256.947	422.855	167.922	254.933	592.019	343.436	248.583	648.938	401.125	247.813	526.192	267.685	258.507
4	3	0.1	2	563.131	304.596	258.534	483.627	225.099	258.528	553.400	294.867	258.533	884.413	629.227	255.187	544.063	285.490	258.573
4	3	0.1	3	539.020	285.606	253.413	514.790	258.070	256.720	538.338	281.298	257.040	883.503	624.956	258.547	547.907	289.400	258.507
4	3	0.1	4	589.156	332.475	256.681	488.502	235.076	253.427	601.680	351.426	250.253	679.653	428.146	251.507	570.904	312.397	258.507
5	3	0.1	0	601.859	346.593	255.267	654.796	399.770	255.027	670.066	419.813	250.253	938.205	690.736	247.470	627.427	370.600	256.827
5	3	0.1	1	634.113	377.553	256.560	506.114	252.674	253.440	574.881	326.161	248.720	788.918	541.058	247.860	637.880	379.334	258.547
5	3	0.1	2	704.205	449.551	254.653	624.614	366.067	258.547	737.869	480.869	257.000	957.876	701.089	256.787	710.077	451.531	258.547
5	3	0.1	3	540.320	281.773	258.547	617.725	360.752	256.973	781.003	527.216	253.787	916.251	662.811	253.440	699.982	443.156	256.827
5	3	0.1	4	634.674	376.221	258.453	579.060	327.193	251.867	712.898	470.618	242.280	951.923	704.003	247.920	650.155	393.102	257.053
6	3	0.1	0	711.277	460.708	250.569	564.097	321.817	242.280	698.044	449.511	248.533	948.731	700.224	248.507	726.125	475.485	250.640
6	3	0.1	1	562.984	304.451	258.533	511.238	256.065	255.173	557.554	312.034	245.520	783.903	545.503	238.400	593.071	334.564	258.507
6	3	0.1	2	644.357	388.117	256.240	601.506	343.053	258.453	655.421	401.754	253.667	946.188	694.882	251.306	660.712	402.192	258.520
6	3	0.1	3	627.985	371.291	256.693	459.818	206.045	253.773	591.353	344.579	246.773	785.381	530.221	255.160	641.418	382.965	258.453
6	3	0.1	4	695.105	441.865	253.240	575.708	323.921	251.787	636.450	391.970	244.480	869.375	630.109	239.266	690.873	432.393	258.480
7	3	0.1	0	747.994	491.074	256.920	623.629	368.442	255.187	746.561	490.308	256.253	1000.793	754.940	245.853	820.249	561.756	258.493
7	3	0.1	1	829.522	571.042	258.480	651.280	396.160	255.120	715.289	465.515	249.773	842.286	599.566	242.720	817.363	560.270	257.093
7	3	0.1	2	741.539	484.725	256.813	726.213	474.839	251.373	804.316	557.199	247.117	984.549	742.868	241.681	777.138	518.567	258.571
7	3	0.1	3	801.847	543.314	258.533	704.852	449.865	254.987	810.987	562.814	248.173	1097.406	851.006	246.400	779.939	521.459	258.480
7	3	0.1	4	553.150	301.270	251.880	464.668	211.841	252.827	590.989	337.562	253.427	847.866	596.039	251.827	635.553	377.033	258.520
8	3	0.1	0	724.460	467.673	256.787	675.616	425.416	250.200	833.205	583.765	249.440	1104.156	859.356	244.800	742.015	483.468	258.547
8	3	0.1	1	756.721	501.534	255.187	666.022	410.902	255.120	780.596	528.983	251.613	1011.931	758.411	253.520	745.068	486.628	258.440
8	3	0.1	2	710.868	452.281	258.587	572.063	316.983	255.080	627.236	376.676	250.560	804.843	558.056	246.787	760.682	502.096	258.587
8	3	0.1	3	809.764	554.617	255.147	634.118	378.983	255.135	606.311	358.484	247.827	872.385	637.625	234.760	792.768	534.355	258.413
8	3	0.1	4	697.595	443.888	253.707	542.890	288.428	254.461	779.232	529.296	249.935	892.385	644.732	247.653	717.812	459.292	258.520
9	3	0.1	0	802.579	553.966	248.613	566.999	317.092	249.907	674.717	433.503	241.213	1045.522	794.055	251.467	835.178	576.645	258.533
9	3	0.1	1	780.139	525.112	255.027	592.530	337.400	255.131	723.639	473.279	250.360	986.582	747.956	238.627	795.381	540.167	255.213
9	3	0.1	2	874.761	620.027	254.733	638.536	383.470	255.067	747.469	510.935	236.533	1084.214	834.827	249.387	854.355	597.822	256.533
9	3	0.1	3	711.201	452.801	258.400	537.128	289.355	247.773	663.075	412.888	250.187	879.159	625.212	253.947	762.678	504.158	258.520
9	3	0.1	4	859.990	604.830	255.160	739.803	486.070	253.733	766.675	520.048	246.627	1017.218	764.085	253.133	849.366	590.860	258.507
10	3	0.1	0	875.976	620.790	255.187	626.717	376.291	250.427	773.900	524.913	248.987	1005.130	763.477	241.653	817.353	558.873	258.480
10	3	0.1	1	847.694	594.082	253.611	689.317	437.984	251.333	803.037	553.717	249.320	1044.557	796.624	247.933	868.169	609.649	258.520
10	3	0.1	2	660.719	403.986	256.733	587.827	338.027	249.800	706.339	471.246	235.093	941.959	694.759	247.200	737.659	479.232	258.427
10	3	0.1	3	861.432	604.366	257.067	683.959	437.906	246.053	739.796	493.636	246.160	873.766	623.873	249.893	863.359	604.879	258.480
10	3	0.1	4	773.919	517.306	256.613	612.137	360.897	251.240	694.519	458.266	236.253	974.748	717.722	257.027	772.343	515.716	256.627
11	3	0.1	0	841.389	586.163	255.227	579.529	329.556	249.973	707.992	451.738	256.253	979.162	730.309	248.853	831.932	573.412	258.520
11	3	0.1	1	852.202	593.682	258.520	667.912	416.112	251.800	786.099	536.525	249.573	982.279	739.186	243.093	821.628	563.108	258.520
11	3	0.1	2	805.863	549.090	256.773	700.516	452.756	247.760	764.379	533.212	231.167	1091.146	841.318	249.827	892.673	641.460	251.213
11	3	0.1	3	1026.901	768.395	258.507	781.992	530.206	251.787	803.913	561.486	242.427	1021.039	763.959	257.080	1038.195	779.742	258.453
11	3	0.1	4	741.412	486.319	255.093	646.831	394.791	252.040	713.676	470.561	243.115	868.707	618.760	249.947	774.702	517.995	256.707
12	3	0.1	0	826.405	567.858	258.547	582.553	332.401	250.153	693.140	452.473	240.667	1007.397	759.037	248.360	779.770	524.943	254.827
12	3	0.1	1	844.096	588.629	255.467	690.004	438.377	251.627	787.312	543.419	243.893	1003.174	747.748	255.427	851.622	593.142	258.480
12	3	0.1	2	827.701	570.447	257.253	570.395	318.688	251.707	626.580	384.713	241.867	876.340	621.166	255.173	878.898	620.472	258.427
12	3	0.1	3	833.517	574.971	258.547	671.965	421.698	250.267	697.424	450.917	246.507	1010.008	763.342	246.667	864.555	606.008	258.547
12	3	0.1	4	790.766	534.139	256.627	636.983	391.290	245.693	737.539	499.592	237.947	939.296	687.416	251.880	763.801	505.401	258.400
13	3	0.1	0	770.137	519.831	250.307	620.240	367.306	252.933	792.322	543.471	248.851	1001.365	753.432	247.933	815.021	561.928	253.093
13	3	0.1	1	957.655	704.309	253.347	784.313	536.340	247.973	827.979	576.379	251.600	1013.188	761.455	251.733	983.894	725.414	258.480
13	3	0.1	2	832.389	583.642	248.747	631.816	388.336	243.480	741.226	496.680	244.547	831.399	583.972	247.427	830.305	570.211	260.093
13	3	0.1	3	725.736	473.189	252.547	621.327	376.074	245.253	768.232	527.179	241.053	951.438	711.518	239.920	767.225	510.505	256.720
13	3	0.1	4	859.513	600.979	258.533	736.747	483.493	253.253	798.211	558.358	239.853	984.032	733.775	250.258	894.020	635.487	258.533
